% MATLAB as a Calculator
debt = (0.1*1000 + 1000)*0.1 + 1100

% Lesson 1 Wrap-up
hundred = (100/9.58)*(18/5)
marathon = 42.195/(2 + 1/60 + 39/3600)